<?xml version="1.0" standalone="no"?>
<!DOCTYPE svg PUBLIC "-//W3C//DTD SVG 20010904//EN"
 "http://www.w3.org/TR/2001/REC-SVG-20010904/DTD/svg10.dtd">
<svg version="1.0" xmlns="http://www.w3.org/2000/svg"
 width="338.000000pt" height="338.000000pt" viewBox="0 0 338.000000 338.000000"
 preserveAspectRatio="xMidYMid meet">

<g transform="translate(0.000000,338.000000) scale(0.100000,-0.100000)"
fill="#000000" stroke="none">
<path d="M2540 2710 c0 -5 5 -10 11 -10 5 0 7 5 4 10 -3 6 -8 10 -11 10 -2 0
-4 -4 -4 -10z"/>
<path d="M2088 2674 c-16 -8 -28 -12 -28 -9 0 4 -24 -7 -54 -24 -29 -17 -62
-31 -72 -31 -11 0 -37 -12 -59 -25 -41 -26 -82 -34 -69 -14 3 6 -8 4 -24 -5
-17 -9 -36 -16 -43 -16 -6 0 -34 -16 -60 -35 -50 -36 -69 -43 -69 -25 0 6 7
10 15 10 8 0 25 11 39 25 31 31 25 32 -14 4 -21 -16 -37 -20 -59 -16 -17 4
-33 2 -36 -3 -3 -6 6 -10 21 -10 15 0 24 -3 20 -7 -4 -4 -24 -6 -44 -5 -28 2
-33 0 -22 -7 9 -7 10 -11 3 -11 -6 0 -15 5 -18 10 -3 6 -25 10 -48 10 l-42 1
35 29 c19 16 31 30 26 30 -5 0 -28 -16 -52 -35 -44 -37 -64 -43 -64 -22 0 9
-3 8 -9 -2 -7 -11 -9 -11 -14 0 -4 10 -6 10 -6 2 -2 -21 -19 -15 -23 8 -3 20
-3 20 -27 -2 -16 -15 -26 -19 -29 -11 -2 7 -9 12 -15 12 -8 0 -7 -4 1 -12 9
-9 8 -16 -3 -28 -14 -15 -14 -19 1 -31 16 -13 17 -12 12 9 -9 32 21 46 58 27
15 -8 31 -12 36 -9 4 3 8 0 8 -5 0 -6 -8 -11 -17 -11 -15 0 -16 -2 -3 -10 13
-8 13 -12 -3 -27 -15 -16 -19 -16 -27 -3 -5 8 -10 10 -10 4 0 -7 -14 -10 -35
-8 -32 2 -34 1 -24 -18 10 -19 11 -19 24 -2 10 15 16 16 28 6 8 -7 22 -10 31
-6 9 3 23 3 32 0 15 -6 15 -8 0 -25 -10 -11 -25 -16 -40 -14 -13 3 -27 0 -30
-6 -4 -6 -3 -11 2 -11 5 0 19 -9 32 -20 25 -22 20 -26 -12 -9 -14 7 -23 8 -30
1 -6 -6 -17 -8 -24 -5 -11 4 -11 8 1 20 9 8 12 19 9 25 -4 5 -14 1 -25 -11
-22 -24 -37 -27 -35 -8 0 6 -3 12 -9 12 -5 0 -9 -6 -9 -13 1 -7 -5 -12 -15
-10 -9 2 -15 11 -13 21 4 22 -24 22 -37 0 -5 -10 -13 -14 -17 -10 -5 4 -3 17
4 27 12 19 11 19 -23 0 -39 -22 -60 -26 -50 -10 3 6 -1 10 -9 10 -9 0 -16 -7
-16 -16 0 -9 -7 -14 -17 -12 -11 2 -17 11 -15 21 2 15 -7 17 -68 17 -54 0 -70
-3 -70 -14 0 -8 4 -18 10 -21 5 -3 10 -1 10 4 0 6 9 11 21 11 14 0 19 -5 16
-14 -3 -7 -2 -30 3 -50 6 -28 5 -36 -6 -36 -19 0 -18 -19 2 -41 16 -18 12 -39
-8 -39 -6 0 -8 8 -5 19 2 11 -3 25 -14 35 -18 15 -23 13 -20 -6 2 -12 -13 -9
-37 8 -20 14 -22 14 -22 -1 0 -9 -4 -13 -10 -10 -5 3 -10 1 -10 -4 0 -6 16
-11 35 -11 33 0 46 -12 26 -25 -6 -3 -16 -19 -25 -35 -14 -28 -13 -29 5 -20
10 6 19 15 19 21 0 6 5 7 11 4 6 -4 8 -13 5 -21 -8 -20 4 -17 31 8 13 12 23
16 23 10 0 -7 -5 -12 -12 -12 -6 0 -8 -3 -5 -7 4 -3 2 -12 -4 -20 -9 -10 -5
-9 17 2 16 8 34 15 41 15 7 0 10 7 7 15 -4 8 -1 15 5 15 6 0 11 -12 11 -27 0
-42 15 -16 16 29 1 40 15 58 44 58 9 0 16 9 17 20 1 17 -1 18 -17 10 -10 -5
-20 -15 -23 -22 -3 -9 -8 -10 -16 -2 -8 7 -5 16 14 34 20 19 27 21 40 10 12
-10 18 -10 31 1 15 12 16 11 9 -11 -4 -14 -13 -28 -19 -32 -6 -5 -2 -8 10 -8
12 0 25 8 28 17 4 11 10 13 14 7 4 -6 17 -17 30 -26 l23 -16 -26 -6 c-14 -4
-25 -11 -25 -16 0 -6 -4 -10 -10 -10 -5 0 -9 6 -7 13 1 6 -5 12 -13 12 -8 0
-14 -5 -13 -10 1 -6 -7 -11 -17 -12 -11 -1 -19 1 -19 5 3 19 -3 22 -21 12 -22
-12 -28 -45 -7 -37 6 2 21 1 32 -3 11 -4 26 -3 33 2 8 7 12 7 12 0 0 -6 -7
-17 -16 -24 -21 -18 -61 -61 -78 -83 -11 -16 -27 -21 -73 -24 -7 -1 -13 -6
-13 -12 0 -6 9 -8 20 -4 11 3 20 3 20 -1 0 -14 -72 -94 -80 -89 -5 3 -11 1
-15 -5 -3 -5 -11 -10 -18 -10 -8 0 -8 3 1 12 17 17 15 33 -2 19 -10 -9 -20 -9
-39 0 -27 12 -73 -4 -62 -22 4 -5 1 -9 -4 -9 -6 0 -11 3 -11 7 0 8 47 69 71
92 19 18 18 18 -44 16 -35 -1 -72 -7 -83 -13 -13 -7 -34 -8 -57 -2 -21 4 -37
4 -37 -1 0 -5 -13 -9 -29 -9 -16 0 -31 -6 -35 -15 -4 -12 -2 -13 13 -3 15 9
23 7 47 -16 25 -23 26 -27 9 -24 -14 2 -19 -2 -17 -14 2 -10 -2 -18 -8 -18 -5
0 -10 15 -10 33 -1 28 -2 30 -13 15 -8 -10 -31 -18 -58 -20 l-44 -3 28 -14
c26 -13 26 -15 11 -33 -11 -12 -13 -18 -5 -18 7 0 9 -4 6 -10 -3 -5 -2 -10 4
-10 5 0 11 6 14 13 2 6 7 9 11 6 4 -4 -16 -30 -45 -59 -30 -30 -54 -47 -58
-41 -4 6 -19 -2 -39 -20 -35 -33 -40 -41 -17 -33 20 8 19 -5 -2 -29 -18 -19
-18 -20 14 -3 17 9 35 20 38 26 9 15 25 12 25 -5 0 -8 7 -16 15 -16 8 -1 21
-2 27 -3 26 -2 18 -37 -16 -72 -20 -20 -33 -41 -29 -46 3 -6 28 15 55 46 28
31 56 56 64 56 8 0 14 5 14 10 0 6 4 10 9 10 5 0 8 -18 7 -40 0 -31 -5 -40
-18 -40 -11 0 -15 -5 -12 -14 3 -8 12 -12 19 -9 19 7 11 -34 -10 -58 -9 -9
-15 -28 -13 -41 2 -15 -2 -22 -11 -20 -9 2 -11 -3 -7 -14 3 -9 1 -24 -6 -32
-11 -13 -11 -14 1 -8 8 5 16 3 21 -4 6 -10 18 -5 49 19 41 33 58 28 22 -6 -18
-18 -35 -63 -23 -63 4 0 14 -4 22 -10 12 -7 12 -12 -4 -29 -26 -29 1 -22 45
12 20 15 43 27 52 27 10 0 17 8 17 17 0 40 11 1 15 -56 l5 -61 -26 4 c-21 4
-25 2 -19 -11 4 -12 -12 -35 -52 -76 -44 -46 -50 -55 -23 -36 19 13 40 24 48
25 30 5 64 36 59 55 -5 17 7 24 35 20 4 0 16 12 27 28 15 21 17 31 9 39 -9 9
-9 12 0 12 6 0 16 -8 21 -17 10 -17 10 -17 11 0 0 9 5 17 11 17 6 0 8 -8 4
-19 -7 -22 12 -38 27 -23 6 6 17 8 24 5 9 -3 14 2 14 17 0 13 5 20 12 18 17
-6 37 14 31 29 -4 9 6 13 30 13 28 0 37 5 43 23 7 21 8 20 14 -8 4 -23 1 -32
-12 -37 -10 -4 -18 -14 -18 -23 0 -8 -6 -15 -14 -15 -8 0 -18 -5 -22 -11 -4
-8 0 -9 15 -4 13 4 21 2 21 -6 0 -9 3 -9 14 0 11 9 16 9 21 1 5 -8 17 -2 36
16 16 15 32 24 36 20 4 -4 1 -11 -7 -17 -13 -8 -13 -10 0 -18 8 -6 11 -13 7
-18 -5 -4 -12 -1 -17 7 -7 12 -13 10 -29 -10 -11 -14 -25 -30 -30 -37 -7 -7
-5 -13 4 -17 10 -3 15 1 15 14 0 10 5 22 10 25 6 3 10 -1 10 -9 0 -9 4 -16 9
-16 13 0 73 -61 66 -68 -3 -4 -11 0 -16 8 -8 11 -12 12 -16 3 -2 -7 -13 -13
-23 -13 -10 0 -22 -5 -26 -11 -5 -9 1 -10 20 -5 32 8 38 -19 6 -29 -11 -3 -20
-12 -20 -20 0 -7 -7 -15 -15 -19 -8 -3 -15 -12 -15 -21 0 -8 -4 -15 -10 -15
-5 0 -7 -7 -3 -15 3 -9 -2 -22 -13 -30 -11 -8 -15 -15 -10 -15 5 0 3 -7 -4
-15 -11 -13 -10 -14 3 -9 8 3 18 12 21 20 3 8 15 14 26 14 11 0 20 5 20 11 0
5 -4 7 -10 4 -5 -3 -10 -1 -10 5 0 6 12 15 26 20 14 6 23 14 19 19 -3 5 -1 12
5 16 5 3 10 -1 10 -9 0 -9 5 -16 11 -16 5 0 8 -4 4 -9 -3 -6 4 -9 15 -8 11 1
20 5 20 9 0 4 6 8 14 8 10 0 14 -9 13 -27 -1 -18 3 -28 13 -29 8 0 21 -2 28
-2 14 -2 17 -52 2 -52 -5 0 -10 -4 -10 -10 0 -5 7 -6 17 -3 11 5 14 3 8 -6 -6
-10 -3 -11 14 -2 11 7 21 17 21 24 0 7 11 17 25 24 17 8 25 8 25 0 0 -6 11 0
25 13 14 13 25 19 25 14 0 -5 11 -11 24 -12 20 -1 23 2 19 19 -4 12 1 25 13
34 25 18 42 6 18 -13 -13 -9 -15 -16 -7 -19 7 -2 10 -10 7 -18 -9 -22 26 -11
46 15 10 14 20 19 24 12 7 -12 -35 -62 -53 -62 -6 0 -11 -9 -11 -21 0 -16 4
-19 23 -14 12 4 26 11 31 16 5 5 15 1 22 -9 12 -16 13 -16 20 3 11 30 45 64
58 59 7 -3 18 7 24 21 16 34 30 32 26 -5 -4 -33 15 -41 36 -15 17 20 32 19 28
-2 -2 -14 4 -18 27 -19 46 -1 48 -3 36 -18 -7 -8 -21 -12 -31 -9 -11 3 -20 1
-20 -5 0 -12 59 -22 66 -10 3 4 13 4 22 -1 13 -7 23 -4 40 11 19 19 22 19 22
5 0 -9 5 -17 10 -17 7 0 7 7 -1 21 -9 17 -8 23 2 30 8 5 20 7 27 4 6 -2 12 0
12 6 0 6 4 8 9 5 4 -3 6 -17 3 -31 -3 -21 0 -27 17 -32 11 -3 21 -10 21 -15 0
-5 7 -2 16 6 8 9 20 14 25 11 5 -4 9 1 9 9 0 21 4 20 34 -7 20 -19 23 -26 13
-36 -9 -10 -9 -11 3 -7 18 7 48 -10 37 -21 -5 -4 -13 -1 -18 7 -9 12 -10 11
-5 -4 4 -11 -1 -27 -11 -39 -12 -14 -6 -12 19 7 36 26 37 27 63 10 33 -21 43
-12 16 15 -23 23 -26 37 -12 45 5 3 12 -1 15 -10 3 -8 10 -13 15 -9 6 3 8 12
4 20 -7 20 7 19 21 -1 7 -8 32 -18 56 -21 25 -3 52 -12 61 -20 14 -12 17 -12
22 0 4 11 -10 18 -54 28 -32 7 -59 16 -59 20 0 8 102 7 110 -1 3 -3 14 -10 25
-17 11 -6 19 -17 17 -23 -2 -8 6 -11 23 -8 16 3 25 1 25 -7 0 -13 34 -28 60
-26 22 1 48 -19 32 -26 -6 -2 -10 -9 -6 -14 3 -5 -2 -9 -10 -9 -9 0 -16 -7
-16 -16 0 -8 4 -13 9 -10 14 9 41 -4 41 -20 0 -8 6 -11 16 -7 10 3 12 8 5 12
-6 4 -8 17 -4 29 4 17 10 21 29 16 18 -5 24 -2 24 10 0 8 -6 13 -12 11 -15 -6
-41 43 -31 57 3 6 9 4 14 -3 5 -9 7 2 5 26 -2 22 1 46 6 53 13 15 -8 43 -27
36 -19 -8 -27 12 -10 26 8 7 15 9 15 5 0 -4 7 -1 16 6 15 12 16 11 9 -11 -7
-24 -7 -24 9 -5 22 28 20 32 -19 45 -37 12 -47 30 -17 30 9 0 -5 12 -33 25
-36 18 -51 21 -57 12 -4 -6 -10 -8 -15 -4 -14 15 37 34 71 28 5 -1 13 4 17 11
13 20 -14 29 -33 11 -10 -9 -21 -13 -24 -10 -10 10 39 47 55 42 10 -4 12 1 8
16 -3 12 -1 31 5 43 8 15 8 21 -1 24 -9 3 -9 7 0 18 13 16 33 19 24 4 -9 -15
12 -12 27 4 11 12 15 12 31 -1 15 -15 17 -15 17 0 0 10 -4 17 -10 17 -5 0 -10
7 -10 15 0 8 -3 14 -7 14 -21 -3 -43 2 -43 10 0 5 14 9 30 9 17 -1 30 -5 30
-10 0 -5 14 -2 30 7 37 19 40 40 5 31 -14 -4 -25 -2 -25 4 0 5 -5 10 -11 10
-16 0 -59 52 -53 62 3 5 10 6 15 2 5 -3 6 -10 3 -16 -5 -7 0 -9 14 -6 12 4 20
2 16 -3 -3 -5 2 -9 10 -9 9 0 13 6 10 14 -3 8 -1 17 5 21 6 3 11 1 11 -4 0 -6
7 -11 15 -11 8 0 15 5 15 10 0 6 14 10 31 10 19 0 28 4 23 11 -3 6 -19 9 -35
5 -17 -3 -29 -1 -29 5 0 5 -6 9 -12 7 -14 -2 -58 23 -58 34 0 10 43 6 58 -5 8
-6 12 -6 12 2 0 6 10 12 23 12 12 1 4 5 -17 8 -33 5 -39 10 -42 34 -3 31 1 33
22 12 22 -21 44 -19 44 5 0 11 -7 20 -15 20 -9 0 -20 10 -25 23 -7 17 -9 18
-9 5 -1 -28 -16 -21 -19 8 -2 22 1 25 18 21 13 -3 20 0 20 10 0 10 -6 12 -20
8 -18 -6 -20 -2 -19 45 1 45 4 50 20 45 11 -4 19 -2 19 4 0 6 -9 11 -21 11
-14 0 -19 5 -16 13 3 8 -1 14 -8 14 -7 0 -11 -6 -8 -14 4 -9 -4 -13 -26 -13
-17 0 -31 5 -31 11 0 6 9 8 20 4 11 -4 20 -3 19 2 -5 30 3 40 33 38 26 -2 29
0 15 10 -10 7 -17 14 -17 17 0 2 29 5 65 5 36 1 65 -3 65 -8 0 -5 -6 -9 -14
-9 -8 0 -17 -4 -20 -9 -3 -5 6 -8 19 -8 18 0 25 5 25 18 0 11 5 19 10 19 6 0
10 -4 10 -10 0 -5 5 -10 11 -10 5 0 8 4 5 9 -4 5 0 11 6 14 7 3 -13 5 -45 5
-33 0 -61 3 -64 5 -2 3 7 16 21 30 14 15 26 23 26 20 0 -3 7 0 15 7 8 7 12 17
8 23 -4 6 0 8 11 4 10 -4 31 2 51 16 36 23 53 47 33 47 -7 0 -3 7 8 15 19 15
19 15 -1 8 -18 -6 -73 -40 -85 -53 -3 -3 -16 -11 -30 -17 -14 -6 -19 -12 -12
-12 7 -1 10 -6 6 -12 -9 -15 -24 9 -17 27 3 8 47 36 98 64 107 58 126 75 96
85 -12 3 -25 3 -31 0 -5 -3 -10 -1 -10 5 0 7 -7 10 -15 6 -18 -6 -18 -5 -5 28
8 21 6 28 -12 41 -21 14 -21 16 -5 28 17 12 16 14 -7 35 -19 16 -26 18 -26 8
0 -8 -5 -18 -11 -22 -7 -4 -10 -1 -7 7 3 8 -4 19 -16 26 -18 10 -18 12 -3 13
9 0 17 5 17 11 0 7 -10 9 -25 5 -14 -4 -25 -3 -25 1 0 17 17 34 30 31 17 -4
25 31 11 45 -8 8 -11 6 -11 -7 0 -13 -5 -16 -22 -10 -13 3 -24 11 -26 15 -5
14 -19 11 -37 -7 -15 -15 -17 -15 -29 1 -9 13 -19 16 -32 11 -18 -7 -18 -9 5
-27 13 -10 31 -19 42 -19 10 0 21 -5 24 -10 4 -7 -6 -10 -27 -10 -18 1 -43 -1
-55 -5 -24 -8 -29 1 -13 25 6 10 4 20 -7 32 -20 22 -43 23 -43 2 0 -14 -22
-44 -33 -44 -3 0 -4 8 -2 18 2 9 4 22 4 29 1 6 15 20 31 30 32 18 41 53 14 53
-11 0 -15 -6 -11 -20 5 -21 -36 -56 -53 -45 -6 4 -13 -2 -17 -12 -9 -23 -32
-47 -39 -40 -3 3 -1 14 5 25 8 16 7 21 -4 26 -18 6 -45 -2 -45 -15 0 -5 -4 -9
-10 -9 -20 0 -8 16 32 43 30 21 38 31 29 40 -8 8 -19 8 -44 -1 -31 -11 -31
-10 13 28 46 41 60 47 60 30 0 -5 7 -10 15 -10 16 0 19 9 9 34 -5 14 -8 14
-27 1 -12 -8 -31 -12 -44 -9 -18 5 -23 2 -23 -14 0 -26 -21 -42 -61 -49 l-33
-5 34 29 c19 15 44 38 57 51 12 12 27 22 34 22 6 0 9 7 6 15 -4 8 -1 17 5 21
23 15 -21 25 -49 11 -16 -7 -36 -12 -45 -10 -10 3 -18 0 -18 -5 0 -18 -38 -21
-45 -3 -6 15 -8 14 -19 -1 -13 -17 -62 -26 -52 -10 12 19 -11 33 -38 22 -15
-5 -31 -8 -36 -5 -5 3 -11 1 -15 -5 -3 -5 -16 -10 -29 -10 -12 0 -27 -5 -34
-12 -9 -9 -12 -9 -12 0 0 7 5 12 10 12 6 0 10 7 10 15 0 7 7 18 16 23 34 19
-4 20 -42 1 -21 -10 -70 -33 -109 -51 -38 -18 -74 -34 -79 -36 -22 -11 9 21
42 43 21 14 47 32 59 41 12 9 44 22 70 29 47 13 48 13 13 15 -30 1 -32 3 -14
10 12 4 24 15 27 24 8 19 9 19 -25 0z m42 -78 c0 -3 -4 -8 -10 -11 -5 -3 -10
-1 -10 4 0 6 5 11 10 11 6 0 10 -2 10 -4z m-37 -33 c-7 -2 -10 -10 -7 -17 3
-8 -2 -16 -11 -20 -9 -3 -13 -2 -10 4 10 16 -8 11 -35 -10 -18 -15 -20 -18 -6
-13 13 4 17 3 12 -5 -4 -7 -17 -10 -32 -6 -13 3 -24 2 -24 -4 0 -5 -19 -22
-42 -37 -35 -23 -39 -24 -24 -7 11 12 14 22 9 22 -6 0 -16 -7 -23 -15 -7 -8
-18 -15 -24 -15 -6 1 2 12 19 25 16 13 32 20 35 15 3 -5 11 -5 20 0 13 9 13
10 0 10 -8 0 21 20 65 44 44 25 82 42 85 39 3 -3 0 -8 -7 -10z m167 -16 c0 -7
-13 -12 -30 -13 -16 -1 -27 3 -24 7 3 5 12 9 20 9 8 0 14 5 14 11 0 5 5 7 10
4 6 -3 10 -12 10 -18z m-360 -47 c0 -5 -5 -10 -11 -10 -5 0 -7 5 -4 10 3 6 8
10 11 10 2 0 4 -4 4 -10z m-420 -22 l35 2 -27 -15 c-26 -15 -88 -11 -88 5 0
11 23 19 35 12 5 -4 26 -5 45 -4z m90 -2 c0 -3 -4 -8 -10 -11 -5 -3 -10 -1
-10 4 0 6 5 11 10 11 6 0 10 -2 10 -4z m40 -4 c0 -4 -13 -16 -30 -25 -35 -21
-40 -13 -7 14 24 20 37 24 37 11z m840 -72 c0 -5 -5 -10 -11 -10 -5 0 -7 5 -4
10 3 6 8 10 11 10 2 0 4 -4 4 -10z m-1500 -70 c0 -5 -5 -10 -11 -10 -5 0 -7 5
-4 10 3 6 8 10 11 10 2 0 4 -4 4 -10z m1501 -3 c-1 -12 -15 -9 -19 4 -3 6 1
10 8 8 6 -3 11 -8 11 -12z m84 -7 c3 -5 1 -10 -4 -10 -6 0 -11 5 -11 10 0 6 2
10 4 10 3 0 8 -4 11 -10z m-1455 -30 c0 -9 -31 -30 -44 -30 -12 0 0 25 14 32
22 10 30 9 30 -2z m43 -16 c-7 -18 -30 -19 -30 -1 0 7 8 14 18 14 12 1 16 -3
12 -13z m-133 -4 c0 -5 -5 -10 -11 -10 -5 0 -7 5 -4 10 3 6 8 10 11 10 2 0 4
-4 4 -10z m190 -5 c0 -8 -4 -15 -9 -15 -5 0 -11 7 -15 15 -3 9 0 15 9 15 8 0
15 -7 15 -15z m60 -4 c8 -17 7 -20 -10 -18 -12 1 -20 8 -20 19 0 24 17 23 30
-1z m-310 -1 c0 -5 -2 -10 -4 -10 -3 0 -8 5 -11 10 -3 6 -1 10 4 10 6 0 11 -4
11 -10z m370 1 c0 -11 -29 -35 -35 -29 -10 9 7 38 21 38 8 0 14 -4 14 -9z
m-320 -33 c0 -6 -7 -7 -16 -4 -9 3 -23 6 -32 7 -13 0 -13 2 3 8 23 9 45 4 45
-11z m160 12 c0 -5 -5 -10 -11 -10 -5 0 -7 5 -4 10 3 6 8 10 11 10 2 0 4 -4 4
-10z m1595 -10 c3 -5 -3 -10 -14 -10 -12 0 -21 5 -21 10 0 6 6 10 14 10 8 0
18 -4 21 -10z m-1805 -20 c0 -5 -5 -10 -11 -10 -5 0 -7 5 -4 10 3 6 8 10 11
10 2 0 4 -4 4 -10z m243 -4 c4 -10 1 -13 -8 -9 -8 3 -12 9 -9 14 7 12 11 11
17 -5z m1687 -6 c0 -5 -4 -10 -10 -10 -5 0 -10 5 -10 10 0 6 5 10 10 10 6 0
10 -4 10 -10z m-1890 -19 c0 -11 -50 -44 -57 -38 -6 7 34 47 47 47 6 0 10 -4
10 -9z m230 -1 c0 -5 -5 -10 -11 -10 -5 0 -7 5 -4 10 3 6 8 10 11 10 2 0 4 -4
4 -10z m-330 -30 c0 -5 -5 -10 -11 -10 -5 0 -7 5 -4 10 3 6 8 10 11 10 2 0 4
-4 4 -10z m305 0 c-3 -5 -11 -10 -16 -10 -6 0 -7 5 -4 10 3 6 11 10 16 10 6 0
7 -4 4 -10z m60 0 c-3 -5 -11 -10 -16 -10 -6 0 -7 5 -4 10 3 6 11 10 16 10 6
0 7 -4 4 -10z m-95 -30 c0 -5 -5 -10 -11 -10 -5 0 -7 5 -4 10 3 6 8 10 11 10
2 0 4 -4 4 -10z m60 0 c0 -5 -4 -10 -9 -10 -6 0 -13 5 -16 10 -3 6 1 10 9 10
9 0 16 -4 16 -10z m-90 -30 c0 -5 -4 -10 -10 -10 -5 0 -10 5 -10 10 0 6 5 10
10 10 6 0 10 -4 10 -10z m60 0 c0 -5 -4 -10 -10 -10 -5 0 -10 5 -10 10 0 6 5
10 10 10 6 0 10 -4 10 -10z m-90 -30 c0 -5 -5 -10 -11 -10 -5 0 -7 5 -4 10 3
6 8 10 11 10 2 0 4 -4 4 -10z m60 0 c0 -5 -4 -10 -10 -10 -5 0 -10 5 -10 10 0
6 5 10 10 10 6 0 10 -4 10 -10z m1685 0 c3 -5 2 -10 -4 -10 -5 0 -13 5 -16 10
-3 6 -2 10 4 10 5 0 13 -4 16 -10z m-1775 -30 c0 -5 -4 -10 -10 -10 -5 0 -10
5 -10 10 0 6 5 10 10 10 6 0 10 -4 10 -10z m60 0 c0 -5 -4 -10 -10 -10 -5 0
-10 5 -10 10 0 6 5 10 10 10 6 0 10 -4 10 -10z m-90 -30 c0 -5 -4 -10 -10 -10
-5 0 -10 5 -10 10 0 6 5 10 10 10 6 0 10 -4 10 -10z m60 0 c0 -5 -4 -10 -9
-10 -6 0 -13 5 -16 10 -3 6 1 10 9 10 9 0 16 -4 16 -10z m-385 -30 c3 -5 1
-10 -4 -10 -6 0 -11 5 -11 10 0 6 2 10 4 10 3 0 8 -4 11 -10z m65 0 c0 -5 -4
-10 -10 -10 -5 0 -10 5 -10 10 0 6 5 10 10 10 6 0 10 -4 10 -10z m230 0 c0 -5
-4 -10 -10 -10 -5 0 -10 5 -10 10 0 6 5 10 10 10 6 0 10 -4 10 -10z m60 0 c0
-5 -4 -10 -10 -10 -5 0 -10 5 -10 10 0 6 5 10 10 10 6 0 10 -4 10 -10z m-380
-26 c0 -13 3 -14 15 -4 16 13 45 7 45 -10 0 -5 -7 -10 -16 -10 -9 0 -12 5 -8
12 5 7 3 8 -5 4 -7 -5 -10 -14 -7 -22 3 -8 1 -14 -3 -14 -5 0 -11 7 -15 15 -3
8 -12 15 -21 15 -16 0 -20 12 -8 23 11 12 23 7 23 -9z m-65 -4 c3 -5 1 -10 -4
-10 -6 0 -11 5 -11 10 0 6 2 10 4 10 3 0 8 -4 11 -10z m335 -30 c-24 -22 -49
-40 -54 -40 -6 0 4 13 22 29 17 17 32 35 32 40 0 6 10 11 23 11 19 -1 16 -5
-23 -40z m80 30 c0 -5 -4 -10 -10 -10 -5 0 -10 5 -10 10 0 6 5 10 10 10 6 0
10 -4 10 -10z m1640 -14 c0 -3 -4 -8 -10 -11 -5 -3 -10 -1 -10 4 0 6 5 11 10
11 6 0 10 -2 10 -4z m30 -6 c0 -5 -2 -10 -4 -10 -3 0 -8 5 -11 10 -3 6 -1 10
4 10 6 0 11 -4 11 -10z m70 -1 c0 -4 -9 -11 -20 -14 -11 -4 -18 -11 -15 -16 4
-5 1 -9 -4 -9 -6 0 -11 11 -11 24 0 18 5 24 25 24 14 0 25 -4 25 -9z m-2120
-9 c0 -5 -7 -10 -16 -10 -8 0 -12 5 -9 10 3 6 10 10 16 10 5 0 9 -4 9 -10z
m350 0 c0 -5 -4 -10 -10 -10 -5 0 -10 5 -10 10 0 6 5 10 10 10 6 0 10 -4 10
-10z m1670 -20 c0 -5 -4 -10 -10 -10 -5 0 -10 5 -10 10 0 6 5 10 10 10 6 0 10
-4 10 -10z m30 0 c0 -5 -5 -10 -11 -10 -5 0 -7 5 -4 10 3 6 8 10 11 10 2 0 4
-4 4 -10z m70 0 c0 -5 -5 -10 -11 -10 -5 0 -7 5 -4 10 3 6 8 10 11 10 2 0 4
-4 4 -10z m-2150 -10 c0 -5 -4 -10 -10 -10 -5 0 -10 5 -10 10 0 6 5 10 10 10
6 0 10 -4 10 -10z m60 5 c0 -11 -40 -48 -46 -43 -3 4 3 15 13 26 18 20 33 27
33 17z m106 -31 c-23 -16 -36 -18 -36 -4 0 6 3 9 8 9 22 -4 31 3 25 19 -5 14
-4 15 8 4 12 -11 11 -15 -5 -28z m184 26 c0 -5 -4 -10 -10 -10 -5 0 -10 5 -10
10 0 6 5 10 10 10 6 0 10 -4 10 -10z m-440 -30 c0 -5 -4 -10 -10 -10 -5 0 -10
5 -10 10 0 6 5 10 10 10 6 0 10 -4 10 -10z m60 0 c0 -5 -4 -10 -10 -10 -5 0
-10 5 -10 10 0 6 5 10 10 10 6 0 10 -4 10 -10z m115 0 c3 -5 -1 -10 -10 -10
-9 0 -13 5 -10 10 3 6 8 10 10 10 2 0 7 -4 10 -10z m175 0 c0 -5 -5 -10 -11
-10 -5 0 -7 5 -4 10 3 6 8 10 11 10 2 0 4 -4 4 -10z m60 0 c0 -5 -5 -10 -11
-10 -5 0 -7 5 -4 10 3 6 8 10 11 10 2 0 4 -4 4 -10z m1660 6 c0 -3 -4 -8 -10
-11 -5 -3 -10 -1 -10 4 0 6 5 11 10 11 6 0 10 -2 10 -4z m30 -6 c0 -5 -2 -10
-4 -10 -3 0 -8 5 -11 10 -3 6 -1 10 4 10 6 0 11 -4 11 -10z m40 0 c0 -5 -4
-10 -10 -10 -5 0 -10 5 -10 10 0 6 5 10 10 10 6 0 10 -4 10 -10z m30 0 c0 -5
-2 -10 -4 -10 -3 0 -8 5 -11 10 -3 6 -1 10 4 10 6 0 11 -4 11 -10z m40 0 c0
-5 -4 -10 -10 -10 -5 0 -10 5 -10 10 0 6 5 10 10 10 6 0 10 -4 10 -10z m-2180
-30 c0 -5 -4 -10 -10 -10 -5 0 -10 5 -10 10 0 6 5 10 10 10 6 0 10 -4 10 -10z
m60 0 c0 -5 -4 -10 -10 -10 -5 0 -10 5 -10 10 0 6 5 10 10 10 6 0 10 -4 10
-10z m60 0 c0 -5 -4 -10 -10 -10 -5 0 -10 5 -10 10 0 6 5 10 10 10 6 0 10 -4
10 -10z m55 0 c3 -5 1 -10 -4 -10 -6 0 -11 5 -11 10 0 6 2 10 4 10 3 0 8 -4
11 -10z m175 0 c0 -5 -5 -10 -11 -10 -5 0 -7 5 -4 10 3 6 8 10 11 10 2 0 4 -4
4 -10z m1620 0 c0 -5 -5 -10 -11 -10 -5 0 -7 5 -4 10 3 6 8 10 11 10 2 0 4 -4
4 -10z m70 0 c0 -5 -4 -10 -10 -10 -5 0 -10 5 -10 10 0 6 5 10 10 10 6 0 10
-4 10 -10z m35 0 c3 -5 -1 -10 -10 -10 -9 0 -13 5 -10 10 3 6 8 10 10 10 2 0
7 -4 10 -10z m35 0 c0 -5 -4 -10 -10 -10 -5 0 -10 5 -10 10 0 6 5 10 10 10 6
0 10 -4 10 -10z m-2140 -30 c0 -5 -7 -10 -15 -10 -8 0 -15 -8 -15 -17 0 -9 -7
-25 -16 -34 -9 -10 -16 -30 -16 -44 0 -29 -13 -33 -22 -8 -6 14 -9 15 -15 4
-6 -10 -10 -10 -16 -2 -9 16 13 41 30 35 10 -4 12 0 8 15 -4 16 -1 21 13 21 9
0 14 3 11 6 -7 7 30 44 45 44 4 0 8 -4 8 -10z m60 -6 c0 -9 -13 -30 -30 -46
-16 -15 -30 -33 -30 -38 0 -10 -48 -26 -56 -18 -5 6 97 116 109 117 4 1 7 -6
7 -15z m60 6 c0 -5 -4 -10 -10 -10 -5 0 -10 5 -10 10 0 6 5 10 10 10 6 0 10
-4 10 -10z m66 -1 c11 -18 -76 -99 -108 -99 -20 0 -26 -4 -22 -15 4 -8 1 -15
-5 -15 -6 0 -11 9 -11 20 0 26 80 101 103 96 10 -2 17 2 17 10 0 17 16 19 26
3z m28 -50 c-15 -16 -22 -29 -15 -29 7 0 9 -5 5 -11 -4 -8 -9 -7 -15 2 -5 8
-9 10 -9 4 0 -13 -20 17 -20 30 0 6 4 4 9 -4 7 -10 10 -8 16 10 4 13 14 32 23
42 14 16 17 16 25 1 7 -12 2 -23 -19 -45z m136 51 c0 -5 -4 -10 -10 -10 -5 0
-10 5 -10 10 0 6 5 10 10 10 6 0 10 -4 10 -10z m1148 -2 c20 -20 14 -24 -28
-20 -39 4 -52 16 -27 25 22 9 43 7 55 -5z m606 -9 c-3 -5 -10 -7 -15 -3 -5 3
-7 10 -3 15 3 5 10 7 15 3 5 -3 7 -10 3 -15z m-34 1 c0 -5 -4 -10 -10 -10 -5
0 -10 5 -10 10 0 6 5 10 10 10 6 0 10 -4 10 -10z m-460 -10 c0 -11 -69 -10
-76 2 -3 4 13 8 35 8 23 0 41 -4 41 -10z m-1520 -10 c0 -5 -4 -10 -10 -10 -5
0 -10 5 -10 10 0 6 5 10 10 10 6 0 10 -4 10 -10z m1590 6 c0 -3 -4 -8 -10 -11
-5 -3 -10 -1 -10 4 0 6 5 11 10 11 6 0 10 -2 10 -4z m320 -16 c0 -5 -4 -10
-10 -10 -5 0 -10 5 -10 10 0 6 5 10 10 10 6 0 10 -4 10 -10z m70 0 c0 -5 -4
-10 -10 -10 -5 0 -10 5 -10 10 0 6 5 10 10 10 6 0 10 -4 10 -10z m-2010 -20
c0 -5 -4 -10 -10 -10 -5 0 -10 5 -10 10 0 6 5 10 10 10 6 0 10 -4 10 -10z
m180 6 c0 -3 -4 -8 -10 -11 -5 -3 -10 -1 -10 4 0 6 5 11 10 11 6 0 10 -2 10
-4z m1830 -22 c0 -8 -5 -12 -10 -9 -6 4 -8 11 -5 16 9 14 15 11 15 -7z m34 -5
c-3 -5 -10 -7 -15 -3 -5 3 -7 10 -3 15 3 5 10 7 15 3 5 -3 7 -10 3 -15z m36 6
c0 -8 -4 -15 -10 -15 -5 0 -10 7 -10 15 0 8 5 15 10 15 6 0 10 -7 10 -15z
m-2290 -15 c0 -5 -4 -10 -10 -10 -5 0 -10 5 -10 10 0 6 5 10 10 10 6 0 10 -4
10 -10z m180 0 c0 -5 -4 -10 -10 -10 -5 0 -10 5 -10 10 0 6 5 10 10 10 6 0 10
-4 10 -10z m120 0 c0 -5 -4 -10 -10 -10 -5 0 -10 5 -10 10 0 6 5 10 10 10 6 0
10 -4 10 -10z m1850 -20 c0 -5 -4 -10 -10 -10 -5 0 -10 5 -10 10 0 6 5 10 10
10 6 0 10 -4 10 -10z m70 0 c0 -5 -4 -10 -10 -10 -5 0 -10 5 -10 10 0 6 5 10
10 10 6 0 10 -4 10 -10z m40 0 c0 -5 -7 -10 -15 -10 -8 0 -15 5 -15 10 0 6 7
10 15 10 8 0 15 -4 15 -10z m30 0 c0 -5 -4 -10 -10 -10 -5 0 -10 5 -10 10 0 6
5 10 10 10 6 0 10 -4 10 -10z m-2140 -10 c0 -5 -4 -10 -10 -10 -5 0 -10 5 -10
10 0 6 5 10 10 10 6 0 10 -4 10 -10z m120 0 c0 -5 -4 -10 -10 -10 -5 0 -10 5
-10 10 0 6 5 10 10 10 6 0 10 -4 10 -10z m60 0 c0 -5 -4 -10 -10 -10 -5 0 -10
5 -10 10 0 6 5 10 10 10 6 0 10 -4 10 -10z m1890 -20 c0 -5 -4 -10 -10 -10 -5
0 -10 5 -10 10 0 6 5 10 10 10 6 0 10 -4 10 -10z m35 0 c3 -5 -1 -10 -10 -10
-9 0 -13 5 -10 10 3 6 8 10 10 10 2 0 7 -4 10 -10z m35 -5 c0 -8 -4 -15 -10
-15 -5 0 -10 7 -10 15 0 8 5 15 10 15 6 0 10 -7 10 -15z m-2170 -5 c0 -5 -4
-10 -10 -10 -5 0 -10 5 -10 10 0 6 5 10 10 10 6 0 10 -4 10 -10z m120 0 c0 -5
-4 -10 -10 -10 -5 0 -10 5 -10 10 0 6 5 10 10 10 6 0 10 -4 10 -10z m60 0 c0
-5 -4 -10 -10 -10 -5 0 -10 5 -10 10 0 6 5 10 10 10 6 0 10 -4 10 -10z m-90
-30 c0 -5 -4 -10 -10 -10 -5 0 -10 5 -10 10 0 6 5 10 10 10 6 0 10 -4 10 -10z
m60 0 c0 -5 -4 -10 -10 -10 -5 0 -10 5 -10 10 0 6 5 10 10 10 6 0 10 -4 10
-10z m60 0 c0 -5 -4 -10 -10 -10 -5 0 -10 5 -10 10 0 6 5 10 10 10 6 0 10 -4
10 -10z m1820 0 c0 -5 -2 -10 -4 -10 -3 0 -8 5 -11 10 -3 6 -1 10 4 10 6 0 11
-4 11 -10z m70 0 c0 -5 -4 -10 -10 -10 -5 0 -10 5 -10 10 0 6 5 10 10 10 6 0
10 -4 10 -10z m31 -3 c-1 -4 -1 -14 -1 -22 0 -26 -15 -16 -16 10 -1 15 2 25 8
23 5 -2 9 -7 9 -11z m39 3 c0 -5 -4 -10 -10 -10 -5 0 -10 5 -10 10 0 6 5 10
10 10 6 0 10 -4 10 -10z m-2050 -30 c0 -5 -4 -10 -10 -10 -5 0 -10 5 -10 10 0
6 5 10 10 10 6 0 10 -4 10 -10z m60 6 c0 -3 -4 -8 -10 -11 -5 -3 -10 -1 -10 4
0 6 5 11 10 11 6 0 10 -2 10 -4z m1990 -11 c0 -8 -4 -15 -10 -15 -5 0 -10 7
-10 15 0 8 5 15 10 15 6 0 10 -7 10 -15z m-70 -5 c0 -5 -4 -10 -10 -10 -5 0
-10 5 -10 10 0 6 5 10 10 10 6 0 10 -4 10 -10z m-2010 -20 c0 -5 -4 -10 -10
-10 -5 0 -10 5 -10 10 0 6 5 10 10 10 6 0 10 -4 10 -10z m60 6 c0 -3 -4 -8
-10 -11 -5 -3 -10 -1 -10 4 0 6 5 11 10 11 6 0 10 -2 10 -4z m1914 -27 c-3 -5
-10 -7 -15 -3 -5 3 -7 10 -3 15 3 5 10 7 15 3 5 -3 7 -10 3 -15z m68 -11 c-5
-21 -6 -21 -12 -2 -8 21 -3 37 10 29 4 -3 6 -15 2 -27z m38 22 c0 -5 -4 -10
-10 -10 -5 0 -10 5 -10 10 0 6 5 10 10 10 6 0 10 -4 10 -10z m70 0 c0 -5 -4
-10 -10 -10 -5 0 -10 5 -10 10 0 6 5 10 10 10 6 0 10 -4 10 -10z m-2120 -20
c0 -5 -4 -10 -10 -10 -5 0 -10 5 -10 10 0 6 5 10 10 10 6 0 10 -4 10 -10z
m2050 -21 c0 -5 -4 -9 -10 -9 -5 0 -10 7 -10 16 0 8 5 12 10 9 6 -3 10 -10 10
-16z m-140 1 c0 -5 -4 -10 -10 -10 -5 0 -10 5 -10 10 0 6 5 10 10 10 6 0 10
-4 10 -10z m70 0 c0 -5 -4 -10 -10 -10 -5 0 -10 5 -10 10 0 6 5 10 10 10 6 0
10 -4 10 -10z m-2010 -4 c0 -3 -4 -8 -10 -11 -5 -3 -10 -1 -10 4 0 6 5 11 10
11 6 0 10 -2 10 -4z m1905 -25 c3 -5 1 -12 -5 -16 -5 -3 -10 1 -10 9 0 18 6
21 15 7z m69 -12 c-3 -5 -10 -7 -15 -3 -5 3 -7 10 -3 15 3 5 10 7 15 3 5 -3 7
-10 3 -15z m70 0 c-3 -5 -10 -7 -15 -3 -5 3 -7 10 -3 15 3 5 10 7 15 3 5 -3 7
-10 3 -15z m-2074 7 c0 -3 -4 -8 -10 -11 -5 -3 -10 -1 -10 4 0 6 5 11 10 11 6
0 10 -2 10 -4z m1900 -36 c0 -5 -4 -10 -10 -10 -5 0 -10 5 -10 10 0 6 5 10 10
10 6 0 10 -4 10 -10z m70 0 c0 -5 -4 -10 -10 -10 -5 0 -10 5 -10 10 0 6 5 10
10 10 6 0 10 -4 10 -10z m70 0 c0 -5 -4 -10 -10 -10 -5 0 -10 5 -10 10 0 6 5
10 10 10 6 0 10 -4 10 -10z m70 0 c0 -5 -4 -10 -10 -10 -5 0 -10 5 -10 10 0 6
5 10 10 10 6 0 10 -4 10 -10z m-240 -30 c0 -5 -4 -10 -10 -10 -5 0 -10 5 -10
10 0 6 5 10 10 10 6 0 10 -4 10 -10z m65 0 c3 -5 1 -10 -4 -10 -6 0 -11 5 -11
10 0 6 2 10 4 10 3 0 8 -4 11 -10z m70 0 c3 -5 -1 -10 -10 -10 -9 0 -13 5 -10
10 3 6 8 10 10 10 2 0 7 -4 10 -10z m-1611 -32 c-9 -30 -35 -66 -53 -73 -18
-7 -51 3 -51 17 0 5 6 8 14 5 18 -7 36 11 29 29 -3 8 1 14 11 14 9 0 19 7 22
15 4 8 13 15 21 15 10 0 12 -6 7 -22z m1436 -8 c0 -5 -4 -10 -10 -10 -5 0 -10
5 -10 10 0 6 5 10 10 10 6 0 10 -4 10 -10z m70 0 c0 -5 -4 -10 -10 -10 -5 0
-10 5 -10 10 0 6 5 10 10 10 6 0 10 -4 10 -10z m70 0 c0 -5 -4 -10 -10 -10 -5
0 -10 5 -10 10 0 6 5 10 10 10 6 0 10 -4 10 -10z m70 0 c0 -5 -4 -10 -10 -10
-5 0 -10 5 -10 10 0 6 5 10 10 10 6 0 10 -4 10 -10z m-1770 -10 c0 -5 -5 -10
-11 -10 -5 0 -7 5 -4 10 3 6 8 10 11 10 2 0 4 -4 4 -10z m40 0 c0 -5 -4 -10
-10 -10 -5 0 -10 5 -10 10 0 6 5 10 10 10 6 0 10 -4 10 -10z m115 1 c3 -5 1
-12 -5 -16 -5 -3 -10 1 -10 9 0 18 6 21 15 7z m75 -1 c0 -5 -5 -10 -11 -10 -5
0 -7 5 -4 10 3 6 8 10 11 10 2 0 4 -4 4 -10z m40 0 c0 -5 -5 -10 -11 -10 -5 0
-7 5 -4 10 3 6 8 10 11 10 2 0 4 -4 4 -10z m-500 -20 c0 -5 -4 -10 -10 -10 -5
0 -10 5 -10 10 0 6 5 10 10 10 6 0 10 -4 10 -10z m1760 0 c0 -5 -4 -10 -10
-10 -5 0 -10 5 -10 10 0 6 5 10 10 10 6 0 10 -4 10 -10z m70 0 c0 -5 -4 -10
-10 -10 -5 0 -10 5 -10 10 0 6 5 10 10 10 6 0 10 -4 10 -10z m70 0 c0 -5 -4
-10 -10 -10 -5 0 -10 5 -10 10 0 6 5 10 10 10 6 0 10 -4 10 -10z m70 0 c0 -5
-4 -10 -10 -10 -5 0 -10 5 -10 10 0 6 5 10 10 10 6 0 10 -4 10 -10z m65 0 c3
-5 -1 -10 -10 -10 -9 0 -13 5 -10 10 3 6 8 10 10 10 2 0 7 -4 10 -10z m-1880
-20 c3 -5 1 -10 -4 -10 -6 0 -11 5 -11 10 0 6 2 10 4 10 3 0 8 -4 11 -10z m75
0 c0 -5 -4 -10 -10 -10 -5 0 -10 5 -10 10 0 6 5 10 10 10 6 0 10 -4 10 -10z
m230 0 c0 -5 -4 -10 -10 -10 -5 0 -10 5 -10 10 0 6 5 10 10 10 6 0 10 -4 10
-10z m40 0 c0 -5 -4 -10 -10 -10 -5 0 -10 5 -10 10 0 6 5 10 10 10 6 0 10 -4
10 -10z m40 -6 c0 -8 -4 -12 -10 -9 -5 3 -10 10 -10 16 0 5 5 9 10 9 6 0 10
-7 10 -16z m35 6 c3 -5 1 -10 -4 -10 -6 0 -11 5 -11 10 0 6 2 10 4 10 3 0 8
-4 11 -10z m1155 -14 c0 -11 -19 -15 -25 -6 -3 5 1 10 9 10 9 0 16 -2 16 -4z
m65 -6 c-3 -5 -10 -10 -16 -10 -5 0 -9 5 -9 10 0 6 7 10 16 10 8 0 12 -4 9
-10z m65 0 c0 -5 -4 -10 -10 -10 -5 0 -10 5 -10 10 0 6 5 10 10 10 6 0 10 -4
10 -10z m70 0 c0 -5 -4 -10 -10 -10 -5 0 -10 5 -10 10 0 6 5 10 10 10 6 0 10
-4 10 -10z m70 0 c0 -5 -4 -10 -10 -10 -5 0 -10 5 -10 10 0 6 5 10 10 10 6 0
10 -4 10 -10z m-1730 -15 c0 -8 -4 -15 -10 -15 -5 0 -10 7 -10 15 0 8 5 15 10
15 6 0 10 -7 10 -15z m-110 -5 c0 -5 -4 -10 -10 -10 -5 0 -10 5 -10 10 0 6 5
10 10 10 6 0 10 -4 10 -10z m270 0 c0 -5 -7 -10 -15 -10 -8 0 -15 5 -15 10 0
6 7 10 15 10 8 0 15 -4 15 -10z m30 0 c0 -5 -4 -10 -10 -10 -5 0 -10 5 -10 10
0 6 5 10 10 10 6 0 10 -4 10 -10z m80 0 c0 -5 -4 -10 -10 -10 -5 0 -10 5 -10
10 0 6 5 10 10 10 6 0 10 -4 10 -10z m70 -2 c0 -12 -18 -19 -25 -9 -3 6 -13 7
-22 4 -10 -4 -14 -2 -10 4 7 12 57 12 57 1z m1080 -8 c0 -5 -4 -10 -10 -10 -5
0 -10 5 -10 10 0 6 5 10 10 10 6 0 10 -4 10 -10z m70 0 c0 -5 -4 -10 -10 -10
-5 0 -10 5 -10 10 0 6 5 10 10 10 6 0 10 -4 10 -10z m70 0 c0 -5 -4 -10 -10
-10 -5 0 -10 5 -10 10 0 6 5 10 10 10 6 0 10 -4 10 -10z m70 0 c0 -5 -4 -10
-10 -10 -5 0 -10 5 -10 10 0 6 5 10 10 10 6 0 10 -4 10 -10z m70 0 c0 -5 -4
-10 -10 -10 -5 0 -10 5 -10 10 0 6 5 10 10 10 6 0 10 -4 10 -10z m60 0 c0 -5
-4 -10 -10 -10 -5 0 -10 5 -10 10 0 6 5 10 10 10 6 0 10 -4 10 -10z m-1870
-24 c0 -3 -4 -8 -10 -11 -5 -3 -10 -1 -10 4 0 6 5 11 10 11 6 0 10 -2 10 -4z
m380 -6 c0 -5 -4 -10 -10 -10 -5 0 -10 5 -10 10 0 6 5 10 10 10 6 0 10 -4 10
-10z m40 6 c0 -3 -4 -8 -10 -11 -5 -3 -10 -1 -10 4 0 6 5 11 10 11 6 0 10 -2
10 -4z m1075 -5 c3 -5 1 -12 -5 -16 -5 -3 -10 1 -10 9 0 18 6 21 15 7z m69
-12 c-3 -5 -10 -7 -15 -3 -5 3 -7 10 -3 15 3 5 10 7 15 3 5 -3 7 -10 3 -15z
m70 0 c-3 -5 -10 -7 -15 -3 -5 3 -7 10 -3 15 3 5 10 7 15 3 5 -3 7 -10 3 -15z
m66 5 c0 -8 -5 -12 -10 -9 -6 4 -8 11 -5 16 9 14 15 11 15 -7z m70 0 c0 -8 -5
-12 -10 -9 -6 4 -8 11 -5 16 9 14 15 11 15 -7z m-1434 -41 c-10 -10 -19 5 -10
18 6 11 8 11 12 0 2 -7 1 -15 -2 -18z m44 7 c0 -5 -4 -10 -10 -10 -5 0 -10 5
-10 10 0 6 5 10 10 10 6 0 10 -4 10 -10z m40 6 c0 -3 -4 -8 -10 -11 -5 -3 -10
-1 -10 4 0 6 5 11 10 11 6 0 10 -2 10 -4z m1040 -6 c0 -5 -4 -10 -10 -10 -5 0
-10 5 -10 10 0 6 5 10 10 10 6 0 10 -4 10 -10z m70 0 c0 -5 -4 -10 -10 -10 -5
0 -10 5 -10 10 0 6 5 10 10 10 6 0 10 -4 10 -10z m70 0 c0 -5 -4 -10 -10 -10
-5 0 -10 5 -10 10 0 6 5 10 10 10 6 0 10 -4 10 -10z m70 0 c0 -5 -4 -10 -10
-10 -5 0 -10 5 -10 10 0 6 5 10 10 10 6 0 10 -4 10 -10z m70 0 c0 -5 -4 -10
-10 -10 -5 0 -10 5 -10 10 0 6 5 10 10 10 6 0 10 -4 10 -10z m70 0 c0 -5 -4
-10 -10 -10 -5 0 -10 5 -10 10 0 6 5 10 10 10 6 0 10 -4 10 -10z m-1430 -30
c0 -5 -4 -10 -10 -10 -5 0 -10 5 -10 10 0 6 5 10 10 10 6 0 10 -4 10 -10z m35
0 c3 -5 1 -10 -4 -10 -6 0 -11 5 -11 10 0 6 2 10 4 10 3 0 8 -4 11 -10z m1015
0 c0 -5 6 -10 13 -10 7 0 13 -9 14 -20 2 -26 -13 -26 -20 1 -3 12 -10 18 -16
14 -6 -3 -11 1 -11 9 0 9 5 16 10 16 6 0 10 -4 10 -10z m65 0 c3 -5 1 -10 -4
-10 -6 0 -11 5 -11 10 0 6 2 10 4 10 3 0 8 -4 11 -10z m67 -8 c-7 -2 -12 -8
-12 -14 0 -6 6 -8 13 -5 18 7 44 -9 33 -20 -5 -4 -11 -2 -13 5 -3 6 -10 9 -16
5 -18 -11 -57 -12 -57 -2 0 6 -4 7 -10 4 -5 -3 -10 -1 -10 5 0 7 7 9 16 6 11
-4 22 1 31 14 8 11 19 17 26 13 8 -5 8 -8 -1 -11z m68 8 c0 -5 -5 -10 -11 -10
-5 0 -7 5 -4 10 3 6 8 10 11 10 2 0 4 -4 4 -10z m70 -6 c0 -8 -5 -12 -10 -9
-6 4 -8 11 -5 16 9 14 15 11 15 -7z m70 0 c0 -8 -4 -12 -10 -9 -5 3 -10 10
-10 16 0 5 5 9 10 9 6 0 10 -7 10 -16z m-1355 -34 c3 -5 1 -10 -4 -10 -6 0
-11 5 -11 10 0 6 2 10 4 10 3 0 8 -4 11 -10z m975 5 c0 -10 -42 -46 -48 -41
-3 3 3 15 14 25 18 19 34 26 34 16z m280 -5 c0 -5 -4 -10 -10 -10 -5 0 -10 5
-10 10 0 6 5 10 10 10 6 0 10 -4 10 -10z m69 3 c0 -5 -4 -17 -9 -28 -8 -18 -9
-17 -9 8 -1 15 4 27 9 27 6 0 10 -3 9 -7z m-36 -32 c3 -14 1 -18 -9 -14 -15 6
-18 16 -7 26 9 10 10 9 16 -12z m-273 -1 c0 -5 -4 -10 -10 -10 -5 0 -10 5 -10
10 0 6 5 10 10 10 6 0 10 -4 10 -10z m65 0 c3 -5 -1 -10 -10 -10 -9 0 -13 5
-10 10 3 6 8 10 10 10 2 0 7 -4 10 -10z m70 0 c3 -5 -1 -10 -10 -10 -9 0 -13
5 -10 10 3 6 8 10 10 10 2 0 7 -4 10 -10z m65 0 c0 -5 -4 -10 -10 -10 -5 0
-10 5 -10 10 0 6 5 10 10 10 6 0 10 -4 10 -10z m-1250 -10 c0 -5 -4 -10 -10
-10 -5 0 -10 5 -10 10 0 6 5 10 10 10 6 0 10 -4 10 -10z m40 0 c0 -5 -4 -10
-10 -10 -5 0 -10 5 -10 10 0 6 5 10 10 10 6 0 10 -4 10 -10z m902 -42 c-3 -14
-2 -19 7 -14 6 4 20 4 32 1 16 -6 18 -9 8 -21 -11 -13 -14 -13 -20 -1 -6 10
-20 13 -44 10 -20 -2 -35 1 -35 7 0 5 9 10 21 10 15 0 19 5 15 15 -3 9 0 15 8
15 10 0 12 -7 8 -22z m68 12 c0 -5 -4 -10 -10 -10 -5 0 -10 5 -10 10 0 6 5 10
10 10 6 0 10 -4 10 -10z m85 -2 c22 -10 28 -9 35 2 5 8 12 12 15 8 8 -7 -30
-48 -44 -48 -5 0 -12 -9 -16 -19 -5 -17 -10 -18 -34 -10 -22 8 -28 15 -24 30
5 20 23 27 23 9 0 -13 37 -13 45 -1 3 5 -4 12 -15 16 -11 3 -20 11 -20 16 0
12 4 11 35 -3z m125 2 c0 -5 -4 -10 -10 -10 -5 0 -10 5 -10 10 0 6 5 10 10 10
6 0 10 -4 10 -10z m70 0 c0 -5 -4 -10 -10 -10 -5 0 -10 5 -10 10 0 6 5 10 10
10 6 0 10 -4 10 -10z m-1330 -10 c0 -5 -4 -10 -10 -10 -5 0 -10 5 -10 10 0 6
5 10 10 10 6 0 10 -4 10 -10z m40 0 c0 -5 -4 -10 -10 -10 -5 0 -10 5 -10 10 0
6 5 10 10 10 6 0 10 -4 10 -10z m40 6 c0 -3 -4 -8 -10 -11 -5 -3 -10 -1 -10 4
0 6 5 11 10 11 6 0 10 -2 10 -4z m110 -20 c0 -3 -4 -8 -10 -11 -5 -3 -10 -1
-10 4 0 6 5 11 10 11 6 0 10 -2 10 -4z m1040 -6 c0 -5 -7 -10 -16 -10 -8 0
-12 5 -9 10 3 6 10 10 16 10 5 0 9 -4 9 -10z m60 0 c0 -5 -4 -10 -10 -10 -5 0
-10 5 -10 10 0 6 5 10 10 10 6 0 10 -4 10 -10z m70 0 c0 -5 -4 -10 -10 -10 -5
0 -10 5 -10 10 0 6 5 10 10 10 6 0 10 -4 10 -10z m70 0 c0 -5 -4 -10 -10 -10
-5 0 -10 5 -10 10 0 6 5 10 10 10 6 0 10 -4 10 -10z m-1470 -20 c0 -5 -4 -10
-10 -10 -5 0 -10 5 -10 10 0 6 5 10 10 10 6 0 10 -4 10 -10z m80 0 c0 -5 -4
-10 -10 -10 -5 0 -10 5 -10 10 0 6 5 10 10 10 6 0 10 -4 10 -10z m114 -16 c9
-23 8 -24 -19 -24 -27 0 -32 9 -13 28 16 16 25 15 32 -4z m829 -10 c-4 -12 -8
-13 -14 -3 -9 15 -2 32 11 24 5 -3 6 -13 3 -21z m412 17 c3 -5 1 -12 -5 -16
-5 -3 -10 1 -10 9 0 18 6 21 15 7z m-925 -11 c0 -5 -4 -10 -9 -10 -6 0 -13 5
-16 10 -3 6 1 10 9 10 9 0 16 -4 16 -10z m460 0 c12 -8 10 -9 -7 -7 -12 2 -26
6 -29 10 -11 11 19 8 36 -3z m120 0 c0 -5 -2 -10 -4 -10 -3 0 -8 5 -11 10 -3
6 -1 10 4 10 6 0 11 -4 11 -10z m140 5 c0 -12 -36 -45 -49 -45 -10 0 -8 7 9
25 22 23 40 32 40 20z m70 -5 c0 -5 -4 -10 -10 -10 -5 0 -10 5 -10 10 0 6 5
10 10 10 6 0 10 -4 10 -10z m70 0 c0 -5 -4 -10 -10 -10 -5 0 -10 5 -10 10 0 6
5 10 10 10 6 0 10 -4 10 -10z m120 0 c0 -5 -4 -10 -10 -10 -5 0 -10 5 -10 10
0 6 5 10 10 10 6 0 10 -4 10 -10z m-1350 -14 c0 -3 -4 -8 -10 -11 -5 -3 -10
-1 -10 4 0 6 5 11 10 11 6 0 10 -2 10 -4z m780 -16 c0 -5 -4 -10 -10 -10 -5 0
-10 5 -10 10 0 6 5 10 10 10 6 0 10 -4 10 -10z m70 0 c0 -5 -4 -10 -10 -10 -5
0 -10 5 -10 10 0 6 5 10 10 10 6 0 10 -4 10 -10z m70 0 c0 -5 -4 -10 -10 -10
-5 0 -10 5 -10 10 0 6 5 10 10 10 6 0 10 -4 10 -10z m70 0 c0 -5 -4 -10 -10
-10 -5 0 -10 5 -10 10 0 6 5 10 10 10 6 0 10 -4 10 -10z m140 -1 c0 -11 -27
-12 -34 -1 -2 4 4 9 15 9 10 1 19 -2 19 -8z m60 1 c0 -5 -4 -10 -10 -10 -5 0
-10 5 -10 10 0 6 5 10 10 10 6 0 10 -4 10 -10z m70 0 c0 -5 -4 -10 -10 -10 -5
0 -10 5 -10 10 0 6 5 10 10 10 6 0 10 -4 10 -10z m95 1 c8 -14 -9 -21 -35 -14
-22 6 -23 7 -4 14 26 10 32 10 39 0z m-265 -37 c0 -8 -4 -12 -10 -9 -5 3 -10
13 -10 21 0 8 5 12 10 9 6 -3 10 -13 10 -21z m-470 6 c0 -5 -7 -10 -16 -10 -8
0 -12 5 -9 10 3 6 10 10 16 10 5 0 9 -4 9 -10z m194 -11 c-3 -5 -10 -7 -15 -3
-5 3 -7 10 -3 15 3 5 10 7 15 3 5 -3 7 -10 3 -15z m106 -30 c0 -3 -13 -6 -30
-7 -25 -1 -30 3 -30 22 0 12 3 26 6 29 7 6 53 -32 54 -44z m30 35 c0 -8 -5
-12 -10 -9 -6 4 -8 11 -5 16 9 14 15 11 15 -7z m70 0 c0 -8 -5 -12 -10 -9 -6
4 -8 11 -5 16 9 14 15 11 15 -7z m143 -4 c3 -12 14 -20 25 -20 27 0 52 -10 52
-21 0 -12 -64 -1 -68 12 -2 5 -10 9 -17 9 -7 0 -15 9 -18 20 -3 12 0 20 8 20
7 0 15 -9 18 -20z m62 11 c3 -5 1 -12 -5 -16 -5 -3 -10 1 -10 9 0 18 6 21 15
7z m-582 -12 c-6 -6 -9 -19 -6 -28 4 -12 3 -13 -6 -5 -13 12 -5 44 12 44 8 0
8 -3 0 -11z m682 -12 c0 -7 6 -13 13 -13 33 -4 35 -6 12 -15 -16 -6 -32 -7
-45 0 -11 5 -29 12 -40 16 -17 6 -15 9 15 19 37 13 45 12 45 -7z m-195 -7 c0
-11 -7 -20 -15 -20 -17 0 -18 2 -9 24 9 23 24 20 24 -4z m-340 -10 c12 -8 11
-10 -7 -10 -13 0 -23 5 -23 10 0 13 11 13 30 0z m200 0 c0 -5 -4 -10 -10 -10
-5 0 -10 5 -10 10 0 6 5 10 10 10 6 0 10 -4 10 -10z m70 0 c0 -5 -4 -10 -10
-10 -5 0 -10 5 -10 10 0 6 5 10 10 10 6 0 10 -4 10 -10z m-118 -42 c-7 -7 -12
-8 -12 -2 0 14 12 26 19 19 2 -3 -1 -11 -7 -17z m303 -8 c3 -5 -1 -10 -9 -10
-8 0 -18 5 -21 10 -3 6 1 10 9 10 8 0 18 -4 21 -10z m80 0 c3 -5 2 -10 -4 -10
-5 0 -13 5 -16 10 -3 6 -2 10 4 10 5 0 13 -4 16 -10z"/>
<path d="M2255 2640 c-3 -5 -1 -10 4 -10 6 0 11 5 11 10 0 6 -2 10 -4 10 -3 0
-8 -4 -11 -10z"/>
<path d="M2325 2640 c-3 -5 1 -10 10 -10 9 0 13 5 10 10 -3 6 -8 10 -10 10 -2
0 -7 -4 -10 -10z"/>
<path d="M2396 2641 c-4 -5 -2 -12 3 -15 5 -4 12 -2 15 3 4 5 2 12 -3 15 -5 4
-12 2 -15 -3z"/>
<path d="M2466 2641 c-4 -5 -2 -12 3 -15 5 -4 12 -2 15 3 4 5 2 12 -3 15 -5 4
-12 2 -15 -3z"/>
<path d="M2536 2641 c-4 -5 -2 -12 3 -15 5 -4 12 -2 15 3 4 5 2 12 -3 15 -5 4
-12 2 -15 -3z"/>
<path d="M2610 2634 c0 -8 5 -12 10 -9 6 4 8 11 5 16 -9 14 -15 11 -15 -7z"/>
<path d="M2680 2640 c0 -5 5 -10 11 -10 5 0 7 5 4 10 -3 6 -8 10 -11 10 -2 0
-4 -4 -4 -10z"/>
<path d="M1441 2620 c-31 -26 -17 -26 16 0 14 11 22 20 17 20 -5 -1 -20 -10
-33 -20z"/>
<path d="M2530 2565 c0 -8 7 -15 15 -15 8 0 15 7 15 15 0 8 -7 15 -15 15 -8 0
-15 -7 -15 -15z"/>
<path d="M2607 2574 c-8 -8 1 -24 14 -24 5 0 9 7 9 15 0 15 -12 20 -23 9z"/>
<path d="M2680 2564 c0 -8 5 -12 10 -9 6 4 8 11 5 16 -9 14 -15 11 -15 -7z"/>
<path d="M2750 2570 c0 -5 5 -10 11 -10 5 0 7 5 4 10 -3 6 -8 10 -11 10 -2 0
-4 -4 -4 -10z"/>
<path d="M905 2550 c-3 -5 -1 -10 4 -10 6 0 11 5 11 10 0 6 -2 10 -4 10 -3 0
-8 -4 -11 -10z"/>
<path d="M960 2550 c0 -5 5 -10 11 -10 5 0 7 5 4 10 -3 6 -8 10 -11 10 -2 0
-4 -4 -4 -10z"/>
<path d="M1070 2550 c0 -5 5 -10 10 -10 6 0 10 5 10 10 0 6 -4 10 -10 10 -5 0
-10 -4 -10 -10z"/>
<path d="M1130 2550 c0 -5 5 -10 10 -10 6 0 10 5 10 10 0 6 -4 10 -10 10 -5 0
-10 -4 -10 -10z"/>
<path d="M1344 2546 c-10 -8 -16 -17 -13 -20 3 -3 14 3 24 14 21 23 17 26 -11
6z"/>
<path d="M2600 2495 c0 -8 7 -15 15 -15 8 0 15 7 15 15 0 8 -7 15 -15 15 -8 0
-15 -7 -15 -15z"/>
<path d="M2677 2504 c-8 -8 1 -24 14 -24 5 0 9 7 9 15 0 15 -12 20 -23 9z"/>
<path d="M2746 2501 c-4 -5 -2 -12 3 -15 5 -4 12 -2 15 3 4 5 2 12 -3 15 -5 4
-12 2 -15 -3z"/>
<path d="M905 2490 c3 -5 8 -10 11 -10 2 0 4 5 4 10 0 6 -5 10 -11 10 -5 0 -7
-4 -4 -10z"/>
<path d="M960 2490 c0 -5 5 -10 10 -10 6 0 10 5 10 10 0 6 -4 10 -10 10 -5 0
-10 -4 -10 -10z"/>
<path d="M1015 2490 c4 -6 11 -8 16 -5 14 9 11 15 -7 15 -8 0 -12 -5 -9 -10z"/>
<path d="M1070 2490 c0 -5 5 -10 10 -10 6 0 10 5 10 10 0 6 -4 10 -10 10 -5 0
-10 -4 -10 -10z"/>
<path d="M1130 2490 c0 -5 5 -10 10 -10 6 0 10 5 10 10 0 6 -4 10 -10 10 -5 0
-10 -4 -10 -10z"/>
<path d="M1190 2489 c0 -5 5 -7 10 -4 6 3 10 8 10 11 0 2 -4 4 -10 4 -5 0 -10
-5 -10 -11z"/>
<path d="M905 2440 c-3 -5 -1 -10 4 -10 6 0 11 5 11 10 0 6 -2 10 -4 10 -3 0
-8 -4 -11 -10z"/>
<path d="M960 2434 c0 -8 5 -12 10 -9 6 3 10 10 10 16 0 5 -4 9 -10 9 -5 0
-10 -7 -10 -16z"/>
<path d="M1016 2441 c-4 -5 -2 -12 3 -15 5 -4 12 -2 15 3 4 5 2 12 -3 15 -5 4
-12 2 -15 -3z"/>
<path d="M1070 2435 c0 -8 5 -15 10 -15 6 0 10 7 10 15 0 8 -4 15 -10 15 -5 0
-10 -7 -10 -15z"/>
<path d="M1130 2435 c0 -8 5 -15 10 -15 6 0 10 7 10 15 0 8 -4 15 -10 15 -5 0
-10 -7 -10 -15z"/>
<path d="M1186 2442 c-3 -5 -1 -14 3 -20 6 -10 10 -10 20 1 9 12 8 16 -3 20
-9 4 -17 3 -20 -1z"/>
<path d="M1300 2440 c0 -5 5 -10 10 -10 6 0 10 5 10 10 0 6 -4 10 -10 10 -5 0
-10 -4 -10 -10z"/>
<path d="M2532 2441 c-9 -6 -9 -11 1 -25 11 -15 15 -16 25 -3 10 11 9 17 -1
25 -7 6 -18 7 -25 3z"/>
<path d="M2670 2425 c0 -8 7 -15 15 -15 8 0 15 7 15 15 0 8 -7 15 -15 15 -8 0
-15 -7 -15 -15z"/>
<path d="M2747 2434 c-8 -8 1 -24 14 -24 5 0 9 7 9 15 0 15 -12 20 -23 9z"/>
<path d="M2820 2419 c0 -5 5 -7 10 -4 6 3 10 8 10 11 0 2 -4 4 -10 4 -5 0 -10
-5 -10 -11z"/>
<path d="M845 2380 c-3 -5 -1 -10 4 -10 6 0 11 5 11 10 0 6 -2 10 -4 10 -3 0
-8 -4 -11 -10z"/>
<path d="M900 2380 c0 -5 5 -10 10 -10 6 0 10 5 10 10 0 6 -4 10 -10 10 -5 0
-10 -4 -10 -10z"/>
<path d="M955 2381 c-6 -11 9 -23 19 -14 9 9 7 23 -3 23 -6 0 -12 -4 -16 -9z"/>
<path d="M1012 2379 c2 -6 8 -10 13 -10 5 0 11 4 13 10 2 6 -4 11 -13 11 -9 0
-15 -5 -13 -11z"/>
<path d="M1070 2374 c0 -17 22 -14 28 4 2 7 -3 12 -12 12 -9 0 -16 -7 -16 -16z"/>
<path d="M1122 2378 c6 -18 28 -21 28 -4 0 9 -7 16 -16 16 -9 0 -14 -5 -12
-12z"/>
<path d="M1182 2379 c2 -6 8 -10 13 -10 5 0 11 4 13 10 2 6 -4 11 -13 11 -9 0
-15 -5 -13 -11z"/>
<path d="M2890 2354 c0 -8 5 -12 10 -9 6 4 8 11 5 16 -9 14 -15 11 -15 -7z"/>
<path d="M790 2319 c0 -5 5 -7 10 -4 6 3 10 8 10 11 0 2 -4 4 -10 4 -5 0 -10
-5 -10 -11z"/>
<path d="M2868 2309 c-10 -10 -15 -19 -10 -19 10 1 42 26 42 34 0 11 -15 5
-32 -15z"/>
<path d="M2890 2279 c0 -5 5 -7 10 -4 6 3 10 8 10 11 0 2 -4 4 -10 4 -5 0 -10
-5 -10 -11z"/>
<path d="M846 2271 c-4 -5 -2 -12 3 -15 5 -4 12 -2 15 3 4 5 2 12 -3 15 -5 4
-12 2 -15 -3z"/>
<path d="M2946 2129 c-11 -10 -15 -19 -9 -19 5 0 18 9 28 20 23 26 6 25 -19
-1z"/>
<path d="M992 2073 c-48 -54 -34 -61 18 -8 24 25 38 45 30 44 -8 0 -30 -16
-48 -36z"/>
<path d="M846 2051 c-4 -7 -5 -15 -2 -18 9 -9 19 4 14 18 -4 11 -6 11 -12 0z"/>
<path d="M905 2040 c-3 -5 -1 -10 4 -10 6 0 11 5 11 10 0 6 -2 10 -4 10 -3 0
-8 -4 -11 -10z"/>
<path d="M480 2000 c-13 -8 -12 -10 3 -10 9 0 17 5 17 10 0 12 -1 12 -20 0z"/>
<path d="M847 1983 c-4 -3 -7 -11 -7 -17 0 -6 5 -5 12 2 6 6 9 14 7 17 -3 3
-9 2 -12 -2z"/>
<path d="M850 1919 c0 -5 5 -7 10 -4 6 3 10 8 10 11 0 2 -4 4 -10 4 -5 0 -10
-5 -10 -11z"/>
<path d="M2708 1768 l-23 -6 24 -1 c17 -1 22 -5 17 -18 -5 -16 -5 -16 6 -2 7
8 22 20 33 26 18 10 17 11 -7 10 -15 -1 -37 -5 -50 -9z"/>
<path d="M2841 1744 c0 -11 3 -14 6 -6 3 7 2 16 -1 19 -3 4 -6 -2 -5 -13z"/>
<path d="M2797 1714 c5 -13 2 -15 -15 -10 -11 4 -23 2 -27 -4 -4 -6 4 -10 19
-10 14 0 26 -5 26 -10 0 -6 -7 -10 -16 -8 -10 2 -19 -3 -22 -11 -3 -9 1 -11
17 -6 15 5 21 2 21 -9 0 -9 4 -16 10 -16 5 0 7 7 4 15 -4 8 -2 15 3 15 6 0 20
8 32 19 18 15 19 20 6 25 -8 3 -22 3 -30 0 -9 -4 -15 0 -15 10 0 9 -4 16 -10
16 -5 0 -7 -7 -3 -16z m33 -34 c0 -5 -4 -10 -10 -10 -5 0 -10 5 -10 10 0 6 5
10 10 10 6 0 10 -4 10 -10z"/>
<path d="M2732 1683 c-1 -7 -11 -13 -22 -13 -11 0 -20 -5 -20 -11 0 -6 9 -8
21 -4 17 6 20 3 17 -17 -2 -18 1 -22 17 -20 11 2 25 8 30 14 7 7 3 8 -12 4
-19 -6 -22 -3 -26 26 -2 18 -5 27 -5 21z"/>
<path d="M2860 1660 c0 -5 5 -10 10 -10 6 0 10 5 10 10 0 6 -4 10 -10 10 -5 0
-10 -4 -10 -10z"/>
<path d="M2834 1630 c0 -22 4 -24 26 -10 13 9 13 11 0 20 -22 14 -26 12 -26
-10z"/>
<path d="M2760 1599 c0 -5 11 -9 25 -9 33 0 33 15 0 16 -14 1 -25 -2 -25 -7z"/>
<path d="M2718 1593 c7 -3 16 -2 19 1 4 3 -2 6 -13 5 -11 0 -14 -3 -6 -6z"/>
<path d="M2955 1590 c3 -5 8 -10 11 -10 2 0 4 5 4 10 0 6 -5 10 -11 10 -5 0
-7 -4 -4 -10z"/>
<path d="M2923 1562 c-13 -2 -23 -8 -23 -14 0 -5 6 -8 14 -5 8 3 17 -1 20 -9
4 -10 13 -13 28 -9 23 6 23 6 3 -10 l-20 -17 20 4 c12 2 21 13 23 27 2 15 0
21 -7 17 -6 -4 -11 -3 -11 2 0 13 -20 19 -47 14z"/>
<path d="M463 1545 c-18 -8 -33 -19 -33 -26 0 -7 7 -8 18 -4 9 5 25 8 35 9 9
0 17 8 17 18 0 10 -1 18 -2 18 -2 -1 -18 -7 -35 -15z"/>
<path d="M2760 1529 c0 -14 5 -19 14 -16 7 3 19 0 25 -6 8 -8 11 -8 11 0 0 6
-11 18 -25 27 -24 16 -25 16 -25 -5z"/>
<path d="M338 1513 c6 -2 9 -10 6 -15 -4 -7 -2 -8 5 -4 13 9 5 26 -12 25 -9 0
-8 -2 1 -6z"/>
<path d="M2866 1489 c2 -4 16 -10 31 -14 46 -11 84 -55 47 -51 -9 0 -19 -5
-21 -11 -3 -7 1 -13 8 -13 7 0 21 -7 31 -17 17 -15 18 -15 18 0 0 10 -5 17
-10 17 -7 0 -7 7 0 20 9 16 8 22 -5 26 -8 3 -15 12 -15 19 0 8 -10 17 -22 21
-29 10 -68 12 -62 3z"/>
<path d="M224 1378 l-29 -33 33 29 c17 17 32 31 32 33 0 8 -8 1 -36 -29z"/>
<path d="M109 1263 l-34 -38 38 34 c34 33 42 41 34 41 -2 0 -19 -17 -38 -37z"/>
<path d="M150 1245 c-24 -25 -42 -45 -39 -45 3 0 25 20 49 45 24 25 42 45 39
45 -3 0 -25 -20 -49 -45z"/>
<path d="M778 1217 c-7 -7 -11 -11 -9 -10 2 2 9 -1 15 -6 7 -6 16 -4 23 4 16
18 -10 28 -29 12z"/>
<path d="M845 1179 c-16 -10 -25 -19 -19 -19 7 0 22 9 35 20 30 24 23 24 -16
-1z"/>
<path d="M755 1180 c-3 -5 -1 -10 4 -10 6 0 11 5 11 10 0 6 -2 10 -4 10 -3 0
-8 -4 -11 -10z"/>
<path d="M2591 1169 c8 -16 14 -18 22 -10 9 9 8 14 -3 21 -24 16 -31 11 -19
-11z"/>
<path d="M1056 1134 c-5 -12 -2 -15 10 -10 8 3 18 6 20 6 3 0 2 5 -1 10 -9 15
-22 12 -29 -6z"/>
<path d="M204 1098 l-19 -23 23 19 c12 11 22 21 22 23 0 8 -8 2 -26 -19z"/>
<path d="M2588 1038 c5 -5 16 -8 23 -6 8 3 3 7 -10 11 -17 4 -21 3 -13 -5z"/>
<path d="M1095 940 c3 -5 8 -10 11 -10 2 0 4 5 4 10 0 6 -5 10 -11 10 -5 0 -7
-4 -4 -10z"/>
<path d="M1180 910 c-8 -5 -12 -12 -9 -15 4 -3 12 1 19 10 14 17 11 19 -10 5z"/>
<path d="M1297 894 c-9 -10 4 -34 19 -34 8 0 14 4 14 9 0 12 -26 32 -33 25z"/>
<path d="M1890 896 c0 -2 7 -9 15 -16 13 -11 14 -10 9 4 -5 14 -24 23 -24 12z"/>
<path d="M1376 883 c-11 -11 -6 -23 9 -23 8 0 15 4 15 9 0 13 -16 22 -24 14z"/>
<path d="M1582 874 c4 -21 22 -23 26 -1 2 10 -3 17 -13 17 -10 0 -15 -6 -13
-16z"/>
<path d="M1656 883 c-11 -11 -6 -23 8 -23 8 0 17 4 20 9 7 10 -19 23 -28 14z"/>
<path d="M2030 834 c0 -8 5 -12 10 -9 6 3 10 10 10 16 0 5 -4 9 -10 9 -5 0
-10 -7 -10 -16z"/>
<path d="M2618 833 c7 -3 16 -2 19 1 4 3 -2 6 -13 5 -11 0 -14 -3 -6 -6z"/>
<path d="M1440 806 c0 -9 7 -16 16 -16 9 0 14 5 12 12 -6 18 -28 21 -28 4z"/>
<path d="M1516 813 c-11 -11 -6 -23 9 -23 8 0 15 4 15 9 0 13 -16 22 -24 14z"/>
<path d="M1586 813 c-11 -11 -6 -23 9 -23 8 0 15 4 15 9 0 13 -16 22 -24 14z"/>
<path d="M1235 800 c3 -5 8 -10 11 -10 2 0 4 5 4 10 0 6 -5 10 -11 10 -5 0 -7
-4 -4 -10z"/>
<path d="M1300 800 c0 -5 4 -10 9 -10 6 0 13 5 16 10 3 6 -1 10 -9 10 -9 0
-16 -4 -16 -10z"/>
<path d="M1370 800 c0 -5 7 -10 15 -10 8 0 15 5 15 10 0 6 -7 10 -15 10 -8 0
-15 -4 -15 -10z"/>
<path d="M1650 800 c0 -5 7 -10 15 -10 8 0 15 5 15 10 0 6 -7 10 -15 10 -8 0
-15 -4 -15 -10z"/>
<path d="M1730 800 c0 -5 5 -10 10 -10 6 0 10 5 10 10 0 6 -4 10 -10 10 -5 0
-10 -4 -10 -10z"/>
<path d="M1800 800 c0 -5 5 -10 10 -10 6 0 10 5 10 10 0 6 -4 10 -10 10 -5 0
-10 -4 -10 -10z"/>
<path d="M2218 793 c7 -3 16 -2 19 1 4 3 -2 6 -13 5 -11 0 -14 -3 -6 -6z"/>
<path d="M2200 760 c0 -5 7 -10 16 -10 8 0 12 5 9 10 -3 6 -10 10 -16 10 -5 0
-9 -4 -9 -10z"/>
<path d="M1375 730 c4 -6 11 -8 16 -5 14 9 11 15 -7 15 -8 0 -12 -5 -9 -10z"/>
<path d="M1440 730 c0 -5 7 -10 15 -10 8 0 15 5 15 10 0 6 -7 10 -15 10 -8 0
-15 -4 -15 -10z"/>
<path d="M1510 730 c0 -5 7 -10 15 -10 8 0 15 5 15 10 0 6 -7 10 -15 10 -8 0
-15 -4 -15 -10z"/>
<path d="M1585 730 c3 -5 10 -10 16 -10 5 0 9 5 9 10 0 6 -7 10 -16 10 -8 0
-12 -4 -9 -10z"/>
<path d="M1660 730 c0 -5 5 -10 10 -10 6 0 10 5 10 10 0 6 -4 10 -10 10 -5 0
-10 -4 -10 -10z"/>
<path d="M1730 730 c0 -5 5 -10 10 -10 6 0 10 5 10 10 0 6 -4 10 -10 10 -5 0
-10 -4 -10 -10z"/>
</g>
</svg>
